28000006
26000030
26000010
28000008
28000011
26000002
26000038
28000002
26000049
26000031
26000019
28000016
26000046
28000013
26000000
26000012
26000013
26000001
28000004
28000001
28000012
27000009
27000000
26000056
26000041
26000023
26000040
26000025
26000026
26000039
26000032
26000005
26000042
27000002
26000011
26000035
26000036
26000027
28000009
26000015
28000005
27000010
26000044
26000018
27000006
26000048
26000057
26000054
26000021
28000000
26000014
26000050
26000037
26000006
27000001
26000008
27000003
27000004
26000045
26000017
26000003
26000016
26000007
26000022
28000010
26000034
26000020
27000007
27000008
26000043
28000003
28000007
26000024
26000055
26000004
27000005
26000029
26000009
26000028
26000033
26000052